{"dense_final_val_loss_curve_metric": 3.2612, "runs": {"dense": {"result": {"name": "dense", "params_total": 50951680, "params_active": 50951680, "final_val_loss": 3.334, "final_val_ppl": 28.05, "steps": 20000, "wall_s": 1093.3}, "train_curve": [[100, 8.217957496643066], [200, 6.730110168457031], [300, 6.170298099517822], [400, 5.846800804138184], [500, 5.601643085479736], [600, 5.401968002319336], [700, 5.325305938720703], [800, 5.288214683532715], [900, 5.0656232833862305], [1000, 4.992013931274414], [1100, 4.935372352600098], [1200, 4.89058780670166], [1300, 4.756187438964844], [1400, 4.755265712738037], [1500, 4.602797508239746], [1600, 4.590712547302246], [1700, 4.492337226867676], [1800, 4.526744842529297], [1900, 4.333915710449219], [2000, 4.485398292541504], [2100, 4.210624694824219], [2200, 4.16757345199585], [2300, 4.361473560333252], [2400, 4.209834575653076], [2500, 4.202142715454102], [2600, 4.126754283905029], [2700, 4.034541130065918], [2800, 4.101268768310547], [2900, 4.2336626052856445], [3000, 4.158545017242432], [3100, 3.9688851833343506], [3200, 3.931671380996704], [3300, 3.996758460998535], [3400, 4.088436126708984], [3500, 3.924043893814087], [3600, 3.977856159210205], [3700, 3.8830480575561523], [3800, 4.09092903137207], [3900, 3.957305908203125], [4000, 3.7746005058288574], [4100, 3.9971542358398438], [4200, 3.817650556564331], [4300, 3.8291454315185547], [4400, 3.96836519241333], [4500, 3.821695566177368], [4600, 3.8198699951171875], [4700, 3.7873036861419678], [4800, 3.79152250289917], [4900, 3.7749643325805664], [5000, 3.8183465003967285], [5100, 3.744572162628174], [5200, 3.9101309776306152], [5300, 3.7610044479370117], [5400, 3.874462604522705], [5500, 3.7304928302764893], [5600, 3.626338481903076], [5700, 3.5276832580566406], [5800, 3.7144832611083984], [5900, 3.741055488586426], [6000, 3.6865415573120117], [6100, 3.752452850341797], [6200, 3.780484199523926], [6300, 3.6469099521636963], [6400, 3.7725114822387695], [6500, 3.6932883262634277], [6600, 3.8323020935058594], [6700, 3.6926140785217285], [6800, 3.5883753299713135], [6900, 3.793208599090576], [7000, 3.6686134338378906], [7100, 3.6681618690490723], [7200, 3.5790061950683594], [7300, 3.5374786853790283], [7400, 3.7318501472473145], [7500, 3.751279592514038], [7600, 3.6784420013427734], [7700, 3.569242000579834], [7800, 3.596097230911255], [7900, 3.5925774574279785], [8000, 3.6104507446289062], [8100, 3.4430973529815674], [8200, 3.504930019378662], [8300, 3.603935718536377], [8400, 3.6621201038360596], [8500, 3.5607447624206543], [8600, 3.602480411529541], [8700, 3.4792256355285645], [8800, 3.485891819000244], [8900, 3.3743715286254883], [9000, 3.4794740676879883], [9100, 3.616734266281128], [9200, 3.3424649238586426], [9300, 3.5081915855407715], [9400, 3.670978307723999], [9500, 3.46195125579834], [9600, 3.5230562686920166], [9700, 3.533158302307129], [9800, 3.476767063140869], [9900, 3.6876323223114014], [10000, 3.5915465354919434], [10100, 3.601123332977295], [10200, 3.5984582901000977], [10300, 3.6148524284362793], [10400, 3.4983315467834473], [10500, 3.3947434425354004], [10600, 3.4672465324401855], [10700, 3.477285861968994], [10800, 3.62284517288208], [10900, 3.5244500637054443], [11000, 3.5498127937316895], [11100, 3.55179500579834], [11200, 3.4502367973327637], [11300, 3.6810922622680664], [11400, 3.4889535903930664], [11500, 3.376293182373047], [11600, 3.333362102508545], [11700, 3.5186946392059326], [11800, 3.5260720252990723], [11900, 3.497321128845215], [12000, 3.5956075191497803], [12100, 3.273261547088623], [12200, 3.516281843185425], [12300, 3.2518720626831055], [12400, 3.453418254852295], [12500, 3.5012412071228027], [12600, 3.38905930519104], [12700, 3.555436134338379], [12800, 3.397045612335205], [12900, 3.4274110794067383], [13000, 3.4177329540252686], [13100, 3.309746742248535], [13200, 3.531588077545166], [13300, 3.3298122882843018], [13400, 3.4243927001953125], [13500, 3.324732780456543], [13600, 3.4230189323425293], [13700, 3.11739444732666], [13800, 3.5988669395446777], [13900, 3.5471408367156982], [14000, 3.2949411869049072], [14100, 3.4576940536499023], [14200, 3.4925923347473145], [14300, 3.396873950958252], [14400, 3.4298276901245117], [14500, 3.375861406326294], [14600, 3.333676815032959], [14700, 3.344330310821533], [14800, 3.3221936225891113], [14900, 3.338021755218506], [15000, 3.3896989822387695], [15100, 3.360170364379883], [15200, 3.438751220703125], [15300, 3.311450958251953], [15400, 3.402390718460083], [15500, 3.3861069679260254], [15600, 3.3920280933380127], [15700, 3.284219741821289], [15800, 3.2689719200134277], [15900, 3.361177682876587], [16000, 3.333266258239746], [16100, 3.3421988487243652], [16200, 3.4545769691467285], [16300, 3.480036735534668], [16400, 3.471489191055298], [16500, 3.475116729736328], [16600, 3.2775323390960693], [16700, 3.3303089141845703], [16800, 3.325809955596924], [16900, 3.355374813079834], [17000, 3.424105644226074], [17100, 3.4339547157287598], [17200, 3.4657039642333984], [17300, 3.386173963546753], [17400, 3.111032009124756], [17500, 3.4819722175598145], [17600, 3.2166049480438232], [17700, 3.337425470352173], [17800, 3.383117914199829], [17900, 3.210158109664917], [18000, 3.3658499717712402], [18100, 3.195955514907837], [18200, 3.365375518798828], [18300, 3.318171977996826], [18400, 3.3379604816436768], [18500, 3.2980599403381348], [18600, 3.3871634006500244], [18700, 3.2709195613861084], [18800, 3.2199039459228516], [18900, 3.2575161457061768], [19000, 3.5160908699035645], [19100, 3.2755112648010254], [19200, 3.296543598175049], [19300, 3.230586051940918], [19400, 3.3244426250457764], [19500, 3.1525917053222656], [19600, 3.1295993328094482], [19700, 3.2261109352111816], [19800, 3.2365355491638184], [19900, 3.319505214691162], [20000, 3.2629308700561523]], "val_curve": [[500, 5.5675], [1000, 4.8657], [1500, 4.512], [2000, 4.2328], [2500, 4.0628], [3000, 3.9444], [3500, 3.8523], [4000, 3.7698], [4500, 3.7253], [5000, 3.6755], [5500, 3.6545], [6000, 3.6148], [6500, 3.5809], [7000, 3.5462], [7500, 3.5328], [8000, 3.5041], [8500, 3.4883], [9000, 3.4778], [9500, 3.4584], [10000, 3.4364], [10500, 3.4198], [11000, 3.401], [11500, 3.3873], [12000, 3.3642], [12500, 3.3612], [13000, 3.3478], [13500, 3.3388], [14000, 3.3304], [14500, 3.3266], [15000, 3.3191], [15500, 3.3131], [16000, 3.3073], [16500, 3.3002], [17000, 3.2931], [17500, 3.2877], [18000, 3.2845], [18500, 3.2771], [19000, 3.2745], [19500, 3.2673], [20000, 3.2612]], "sps": 18.3}, "switch8": {"result": {"name": "switch8", "params_total": 109760032, "params_active": 50968096, "final_val_loss": 3.2644, "final_val_ppl": 26.17, "steps": 20000, "wall_s": 1409.8}, "train_curve": [[100, 8.202728271484375], [200, 6.689853191375732], [300, 6.325253486633301], [400, 5.783865928649902], [500, 5.591364860534668], [600, 5.432079315185547], [700, 5.2728071212768555], [800, 5.119163990020752], [900, 5.08017110824585], [1000, 4.89798641204834], [1100, 4.818292617797852], [1200, 4.755201816558838], [1300, 4.705506324768066], [1400, 4.6298651695251465], [1500, 4.521282196044922], [1600, 4.502041816711426], [1700, 4.385260105133057], [1800, 4.422152996063232], [1900, 4.467034339904785], [2000, 4.2531538009643555], [2100, 4.304024696350098], [2200, 4.1336565017700195], [2300, 4.082132339477539], [2400, 4.1438398361206055], [2500, 3.943682909011841], [2600, 3.976508855819702], [2700, 4.184840679168701], [2800, 4.114044189453125], [2900, 4.126319408416748], [3000, 3.9697742462158203], [3100, 3.796257257461548], [3200, 3.9843568801879883], [3300, 4.032198429107666], [3400, 3.8631296157836914], [3500, 3.7850136756896973], [3600, 3.9581384658813477], [3700, 3.782144546508789], [3800, 3.6603968143463135], [3900, 3.650360107421875], [4000, 3.8720998764038086], [4100, 3.924884557723999], [4200, 3.8696541786193848], [4300, 3.671231746673584], [4400, 3.68233585357666], [4500, 3.678126335144043], [4600, 3.728954792022705], [4700, 3.7989866733551025], [4800, 3.642172336578369], [4900, 3.6007370948791504], [5000, 3.748027801513672], [5100, 3.771681785583496], [5200, 3.771066665649414], [5300, 3.6829094886779785], [5400, 3.4933419227600098], [5500, 3.697230815887451], [5600, 3.759434223175049], [5700, 3.4362707138061523], [5800, 3.640340566635132], [5900, 3.7504119873046875], [6000, 3.630704879760742], [6100, 3.6781058311462402], [6200, 3.5761771202087402], [6300, 3.6117544174194336], [6400, 3.5551836490631104], [6500, 3.5133795738220215], [6600, 3.52386474609375], [6700, 3.4429240226745605], [6800, 3.5294930934906006], [6900, 3.5938968658447266], [7000, 3.535208225250244], [7100, 3.4089503288269043], [7200, 3.4675495624542236], [7300, 3.4814906120300293], [7400, 3.478048324584961], [7500, 3.59517502784729], [7600, 3.3990843296051025], [7700, 3.594615936279297], [7800, 3.5534327030181885], [7900, 3.4932117462158203], [8000, 3.4049224853515625], [8100, 3.5274758338928223], [8200, 3.266310691833496], [8300, 3.5216259956359863], [8400, 3.6489667892456055], [8500, 3.3375446796417236], [8600, 3.531029224395752], [8700, 3.434124708175659], [8800, 3.368673801422119], [8900, 3.445500373840332], [9000, 3.48892879486084], [9100, 3.270535945892334], [9200, 3.4247336387634277], [9300, 3.3107452392578125], [9400, 3.3656585216522217], [9500, 3.489304780960083], [9600, 3.341383695602417], [9700, 3.4413914680480957], [9800, 3.446413516998291], [9900, 3.4564990997314453], [10000, 3.251537799835205], [10100, 3.259756088256836], [10200, 3.30198335647583], [10300, 3.3250601291656494], [10400, 3.5286388397216797], [10500, 3.503143787384033], [10600, 3.473489761352539], [10700, 3.536548137664795], [10800, 3.4306583404541016], [10900, 3.5142006874084473], [11000, 3.2970824241638184], [11100, 3.5046145915985107], [11200, 3.206712245941162], [11300, 3.4075114727020264], [11400, 3.358414649963379], [11500, 3.1586170196533203], [11600, 3.5603694915771484], [11700, 3.2357139587402344], [11800, 3.149153232574463], [11900, 3.433535575866699], [12000, 3.243223190307617], [12100, 3.290973663330078], [12200, 3.293710231781006], [12300, 3.321537494659424], [12400, 3.2249765396118164], [12500, 3.1580586433410645], [12600, 3.1672940254211426], [12700, 3.34004545211792], [12800, 3.265918254852295], [12900, 3.4723477363586426], [13000, 3.387145757675171], [13100, 3.3530776500701904], [13200, 3.280815839767456], [13300, 3.2159507274627686], [13400, 3.197073459625244], [13500, 3.3511343002319336], [13600, 3.2061517238616943], [13700, 3.311631679534912], [13800, 3.2614402770996094], [13900, 3.3218038082122803], [14000, 3.148864984512329], [14100, 3.289910078048706], [14200, 3.277693033218384], [14300, 3.2306718826293945], [14400, 3.282711982727051], [14500, 3.297146797180176], [14600, 3.278945207595825], [14700, 3.2254257202148438], [14800, 3.185687303543091], [14900, 3.3825478553771973], [15000, 3.2667317390441895], [15100, 3.161540985107422], [15200, 3.2014598846435547], [15300, 3.275266647338867], [15400, 3.0517053604125977], [15500, 3.2073988914489746], [15600, 3.1459720134735107], [15700, 3.285456418991089], [15800, 3.265754461288452], [15900, 3.1384828090667725], [16000, 3.2029385566711426], [16100, 3.1566925048828125], [16200, 3.2089285850524902], [16300, 3.2293355464935303], [16400, 3.1401684284210205], [16500, 3.1817145347595215], [16600, 3.010155200958252], [16700, 3.233461380004883], [16800, 3.2334413528442383], [16900, 3.1476993560791016], [17000, 3.1447947025299072], [17100, 3.1458523273468018], [17200, 3.2450952529907227], [17300, 3.0132341384887695], [17400, 3.2214317321777344], [17500, 3.0364460945129395], [17600, 3.0874977111816406], [17700, 3.1160147190093994], [17800, 3.1266891956329346], [17900, 3.294858455657959], [18000, 3.2224345207214355], [18100, 3.227142095565796], [18200, 3.0745162963867188], [18300, 3.059630870819092], [18400, 3.2455193996429443], [18500, 3.1282119750976562], [18600, 3.1200168132781982], [18700, 3.282442569732666], [18800, 3.251436233520508], [18900, 3.1054067611694336], [19000, 3.1267552375793457], [19100, 3.0690488815307617], [19200, 3.083101749420166], [19300, 3.134197235107422], [19400, 3.1665711402893066], [19500, 3.187558650970459], [19600, 3.2195544242858887], [19700, 3.221844434738159], [19800, 3.0981338024139404], [19900, 3.023019313812256], [20000, 3.266242265701294]], "val_curve": [[500, 5.4883], [1000, 4.7761], [1500, 4.4068], [2000, 4.1575], [2500, 3.9607], [3000, 3.8599], [3500, 3.7694], [4000, 3.7126], [4500, 3.6666], [5000, 3.6154], [5500, 3.5769], [6000, 3.535], [6500, 3.502], [7000, 3.4648], [7500, 3.4376], [8000, 3.4298], [8500, 3.4094], [9000, 3.3869], [9500, 3.3721], [10000, 3.3427], [10500, 3.3304], [11000, 3.3177], [11500, 3.3161], [12000, 3.3012], [12500, 3.291], [13000, 3.2854], [13500, 3.2789], [14000, 3.2648], [14500, 3.2568], [15000, 3.2351], [15500, 3.2315], [16000, 3.2238], [16500, 3.2183], [17000, 3.2112], [17500, 3.212], [18000, 3.2024], [18500, 3.2023], [19000, 3.2012], [19500, 3.1945], [20000, 3.196]], "sps": 14.2, "moe_history": [{"step": 100, "load": [[0.152, 0.1476, 0.1237, 0.1072, 0.1094, 0.1665, 0.0308, 0.1627], [0.2043, 0.1683, 0.058, 0.11, 0.2015, 0.1739, 0.0181, 0.0658], [0.0903, 0.034, 0.1409, 0.1304, 0.1995, 0.2349, 0.0773, 0.0927], [0.0777, 0.1077, 0.0089, 0.1172, 0.0802, 0.3644, 0.0339, 0.2099]], "drop": [0.0167, 0.1231, 0.1219, 0.2618], "aux": [1.052, 1.0332, 1.0073, 1.0336]}, {"step": 200, "load": [[0.1279, 0.0408, 0.1445, 0.1717, 0.1425, 0.1213, 0.1232, 0.1281], [0.1457, 0.1455, 0.1625, 0.1381, 0.0266, 0.1283, 0.1252, 0.1282], [0.0437, 0.1225, 0.2053, 0.1663, 0.1255, 0.0678, 0.1046, 0.1642], [0.2178, 0.0968, 0.1336, 0.1046, 0.1613, 0.1241, 0.0645, 0.0974]], "drop": [0.0154, 0.0062, 0.0671, 0.0666], "aux": [1.034, 1.0503, 1.03, 1.0193]}, {"step": 300, "load": [[0.1255, 0.1572, 0.1326, 0.0954, 0.0959, 0.1195, 0.1288, 0.1451], [0.1384, 0.1339, 0.1245, 0.126, 0.1273, 0.1281, 0.0775, 0.1443], [0.1354, 0.1491, 0.0715, 0.1363, 0.1172, 0.1409, 0.1229, 0.1268], [0.1497, 0.1558, 0.1616, 0.1095, 0.1117, 0.1604, 0.1057, 0.0457]], "drop": [0.001, 0.0, 0.0, 0.0095], "aux": [1.007, 1.0086, 1.0055, 1.0158]}, {"step": 400, "load": [[0.1392, 0.1246, 0.0892, 0.1058, 0.1362, 0.1239, 0.125, 0.1562], [0.1094, 0.1365, 0.0757, 0.1265, 0.1421, 0.1331, 0.1287, 0.1481], [0.1074, 0.1233, 0.1865, 0.1074, 0.1067, 0.1326, 0.1422, 0.0939], [0.12, 0.1226, 0.2056, 0.0711, 0.0753, 0.1665, 0.1148, 0.1241]], "drop": [0.0, 0.0, 0.0303, 0.0596], "aux": [1.0139, 1.0073, 1.0114, 1.0307]}, {"step": 500, "load": [[0.1258, 0.1778, 0.0851, 0.1394, 0.1343, 0.1193, 0.1069, 0.1114], [0.1218, 0.1513, 0.1243, 0.1285, 0.1351, 0.1255, 0.0956, 0.1178], [0.103, 0.126, 0.0982, 0.1297, 0.1506, 0.144, 0.0941, 0.1544], [0.1769, 0.1326, 0.0878, 0.1169, 0.1357, 0.1642, 0.0867, 0.0992]], "drop": [0.0215, 0.0, 0.0, 0.0286], "aux": [1.006, 1.0077, 1.0118, 1.0142]}, {"step": 600, "load": [[0.1204, 0.1031, 0.1328, 0.163, 0.1152, 0.1078, 0.1188, 0.1388], [0.1149, 0.1324, 0.137, 0.0821, 0.1342, 0.1467, 0.1154, 0.1371], [0.1246, 0.1317, 0.1426, 0.1199, 0.1301, 0.115, 0.1328, 0.1033], [0.1434, 0.106, 0.0992, 0.1096, 0.1501, 0.1182, 0.1, 0.1735]], "drop": [0.0068, 0.0, 0.0, 0.0172], "aux": [1.0099, 1.0117, 1.0016, 1.0208]}, {"step": 700, "load": [[0.1301, 0.1127, 0.1606, 0.1197, 0.1096, 0.1259, 0.1147, 0.1266], [0.133, 0.1306, 0.1177, 0.1415, 0.1094, 0.1237, 0.0963, 0.1478], [0.1127, 0.1252, 0.1191, 0.1086, 0.1186, 0.1435, 0.1356, 0.1366], [0.128, 0.1511, 0.1404, 0.1071, 0.0989, 0.1097, 0.1392, 0.1257]], "drop": [0.0043, 0.0, 0.0, 0.0], "aux": [1.0034, 1.003, 1.0025, 1.007]}, {"step": 800, "load": [[0.125, 0.1331, 0.1287, 0.1303, 0.123, 0.1147, 0.1176, 0.1276], [0.1227, 0.1428, 0.1275, 0.1208, 0.1185, 0.1226, 0.124, 0.121], [0.1128, 0.1246, 0.1219, 0.1332, 0.1328, 0.1318, 0.1216, 0.1212], [0.1404, 0.1293, 0.1216, 0.1118, 0.1295, 0.1187, 0.1199, 0.1288]], "drop": [0.0, 0.0, 0.0, 0.0], "aux": [0.9987, 1.003, 1.0011, 1.0038]}, {"step": 900, "load": [[0.131, 0.1024, 0.124, 0.1492, 0.1141, 0.1191, 0.1033, 0.1569], [0.1357, 0.1343, 0.1337, 0.0997, 0.1199, 0.1328, 0.1104, 0.1335], [0.1109, 0.1116, 0.1069, 0.1343, 0.1351, 0.1399, 0.1321, 0.1293], [0.1177, 0.1173, 0.1449, 0.1008, 0.1239, 0.1206, 0.1199, 0.1549]], "drop": [0.0006, 0.0, 0.0, 0.0], "aux": [1.0106, 1.0038, 1.0071, 1.0118]}, {"step": 1000, "load": [[0.1389, 0.105, 0.137, 0.1398, 0.1001, 0.1251, 0.1179, 0.1363], [0.1229, 0.1399, 0.1166, 0.0892, 0.1051, 0.1439, 0.1246, 0.1578], [0.1118, 0.1263, 0.1169, 0.1208, 0.1238, 0.1317, 0.1326, 0.1362], [0.1434, 0.1808, 0.1074, 0.1234, 0.1018, 0.0836, 0.1281, 0.1316]], "drop": [0.0, 0.0016, 0.0, 0.0245], "aux": [1.0092, 1.0123, 1.0021, 1.0214]}, {"step": 1100, "load": [[0.1386, 0.1204, 0.1334, 0.1152, 0.1302, 0.141, 0.0949, 0.1262], [0.1413, 0.1503, 0.1086, 0.1264, 0.1019, 0.1385, 0.1147, 0.1182], [0.1127, 0.1221, 0.1296, 0.1251, 0.1266, 0.1418, 0.1234, 0.1187], [0.1323, 0.0797, 0.123, 0.1216, 0.1601, 0.1095, 0.1271, 0.1466]], "drop": [0.0, 0.0, 0.0, 0.0038], "aux": [1.0087, 1.0145, 0.9986, 1.0125]}, {"step": 1200, "load": [[0.1263, 0.1035, 0.1089, 0.1156, 0.1266, 0.157, 0.1018, 0.1602], [0.1371, 0.1462, 0.1114, 0.1207, 0.106, 0.1262, 0.1352, 0.1172], [0.0818, 0.1323, 0.1249, 0.1193, 0.1277, 0.1552, 0.1378, 0.121], [0.1206, 0.0967, 0.1196, 0.1105, 0.1534, 0.1363, 0.1282, 0.1346]], "drop": [0.0048, 0.0, 0.0, 0.0], "aux": [1.021, 1.0113, 1.0087, 1.0088]}, {"step": 1300, "load": [[0.1209, 0.167, 0.1322, 0.1198, 0.1213, 0.1185, 0.1241, 0.0963], [0.1384, 0.1425, 0.1024, 0.1196, 0.1187, 0.1331, 0.098, 0.1473], [0.1267, 0.132, 0.1119, 0.1218, 0.1249, 0.1572, 0.1213, 0.1042], [0.137, 0.1136, 0.1213, 0.1351, 0.1071, 0.1376, 0.1075, 0.1408]], "drop": [0.0107, 0.0, 0.001, 0.0], "aux": [1.0003, 1.0068, 1.005, 1.0064]}, {"step": 1400, "load": [[0.1416, 0.1235, 0.0985, 0.1237, 0.1473, 0.1257, 0.1232, 0.1165], [0.1396, 0.1412, 0.1109, 0.1379, 0.0975, 0.1303, 0.1232, 0.1193], [0.0839, 0.1472, 0.1148, 0.1288, 0.1285, 0.1487, 0.1274, 0.1205], [0.109, 0.1029, 0.1362, 0.1112, 0.1422, 0.0843, 0.1713, 0.1429]], "drop": [0.0, 0.0, 0.0, 0.015], "aux": [1.0037, 1.0088, 1.008, 1.0187]}, {"step": 1500, "load": [[0.1149, 0.1543, 0.1242, 0.1266, 0.1159, 0.1256, 0.114, 0.1245], [0.1302, 0.141, 0.1177, 0.1082, 0.1364, 0.1356, 0.1159, 0.1151], [0.1182, 0.1243, 0.1165, 0.1354, 0.1319, 0.1387, 0.1265, 0.1085], [0.1454, 0.1418, 0.1258, 0.1095, 0.1161, 0.1397, 0.0815, 0.1401]], "drop": [0.0, 0.0, 0.0, 0.0], "aux": [0.9996, 1.009, 1.0039, 1.0217]}, {"step": 1600, "load": [[0.1332, 0.1318, 0.1436, 0.1085, 0.113, 0.1482, 0.1345, 0.0873], [0.1372, 0.1437, 0.1287, 0.1169, 0.117, 0.1205, 0.116, 0.1199], [0.1017, 0.1326, 0.1314, 0.1187, 0.1348, 0.1394, 0.1179, 0.1236], [0.1126, 0.1154, 0.1456, 0.1247, 0.1118, 0.1168, 0.1488, 0.1244]], "drop": [0.0, 0.0, 0.0, 0.0], "aux": [1.0117, 1.0053, 0.999, 1.0025]}, {"step": 1700, "load": [[0.1049, 0.1526, 0.104, 0.1219, 0.1125, 0.1158, 0.1339, 0.1544], [0.1302, 0.1408, 0.1199, 0.1263, 0.1168, 0.1344, 0.1022, 0.1294], [0.1057, 0.1428, 0.1424, 0.1135, 0.1205, 0.1386, 0.1201, 0.1165], [0.1574, 0.1096, 0.133, 0.1376, 0.1342, 0.1299, 0.0818, 0.1165]], "drop": [0.0, 0.0, 0.0, 0.0012], "aux": [1.0032, 1.004, 1.0005, 1.0157]}, {"step": 1800, "load": [[0.1257, 0.116, 0.1525, 0.1243, 0.1275, 0.1156, 0.1361, 0.1023], [0.1324, 0.1408, 0.1069, 0.1127, 0.1203, 0.1351, 0.1284, 0.1234], [0.116, 0.1299, 0.1304, 0.1208, 0.1078, 0.1395, 0.1257, 0.1299], [0.1313, 0.1102, 0.1291, 0.1373, 0.131, 0.1166, 0.095, 0.1495]], "drop": [0.0, 0.0, 0.0, 0.0], "aux": [1.0027, 1.0079, 1.0005, 1.0098]}, {"step": 1900, "load": [[0.1117, 0.1011, 0.1478, 0.1111, 0.1177, 0.1161, 0.1375, 0.157], [0.1322, 0.1346, 0.1099, 0.1064, 0.1201, 0.1329, 0.1409, 0.1229], [0.1022, 0.1411, 0.1509, 0.1113, 0.1177, 0.1268, 0.1267, 0.1234], [0.1138, 0.1469, 0.106, 0.1168, 0.1428, 0.1123, 0.1384, 0.1229]], "drop": [0.0008, 0.0, 0.0, 0.0], "aux": [1.0108, 1.0057, 1.0032, 1.0095]}, {"step": 2000, "load": [[0.12, 0.1375, 0.0986, 0.1254, 0.1483, 0.1234, 0.1227, 0.1241], [0.1383, 0.1343, 0.1282, 0.1084, 0.102, 0.1311, 0.1335, 0.1242], [0.1251, 0.1288, 0.1307, 0.112, 0.1124, 0.1367, 0.1306, 0.1237], [0.1446, 0.1246, 0.1103, 0.1318, 0.1369, 0.1211, 0.0887, 0.142]], "drop": [0.0, 0.0, 0.0, 0.0], "aux": [1.001, 1.0074, 0.9996, 1.0136]}, {"step": 2100, "load": [[0.1044, 0.1216, 0.1393, 0.1171, 0.1317, 0.1135, 0.1139, 0.1585], [0.1367, 0.1354, 0.1196, 0.1213, 0.1197, 0.1291, 0.1186, 0.1196], [0.0974, 0.1245, 0.1483, 0.1108, 0.119, 0.144, 0.1245, 0.1314], [0.1358, 0.1004, 0.1241, 0.1524, 0.0987, 0.1337, 0.1366, 0.1183]], "drop": [0.0023, 0.0, 0.0, 0.0], "aux": [1.0037, 1.0036, 1.0028, 1.0027]}, {"step": 2200, "load": [[0.1492, 0.147, 0.097, 0.1233, 0.1246, 0.1079, 0.1174, 0.1336], [0.1415, 0.1276, 0.127, 0.1365, 0.1044, 0.1317, 0.1188, 0.1125], [0.1081, 0.1248, 0.1484, 0.1061, 0.1157, 0.144, 0.1409, 0.112], [0.1418, 0.1719, 0.1129, 0.1088, 0.1323, 0.1216, 0.113, 0.0977]], "drop": [0.0, 0.0, 0.0, 0.0156], "aux": [1.0008, 1.006, 1.0053, 1.021]}, {"step": 2300, "load": [[0.1196, 0.1512, 0.0995, 0.1276, 0.1145, 0.1119, 0.1273, 0.1483], [0.1193, 0.1354, 0.1182, 0.125, 0.1136, 0.1333, 0.1228, 0.1324], [0.1301, 0.1268, 0.1241, 0.1183, 0.1195, 0.1268, 0.1227, 0.1315], [0.1249, 0.1373, 0.1156, 0.1365, 0.1199, 0.1186, 0.1364, 0.1108]], "drop": [0.0, 0.0, 0.0, 0.0], "aux": [1.0021, 1.0009, 1.0002, 1.0018]}, {"step": 2400, "load": [[0.124, 0.1473, 0.1212, 0.1226, 0.1263, 0.1298, 0.114, 0.1149], [0.1218, 0.1322, 0.1193, 0.1307, 0.1144, 0.1295, 0.1219, 0.1301], [0.1112, 0.1428, 0.1246, 0.1143, 0.1112, 0.1548, 0.1211, 0.1201], [0.1108, 0.1166, 0.1182, 0.1251, 0.1322, 0.1211, 0.1526, 0.1234]], "drop": [0.0, 0.0, 0.0, 0.0], "aux": [0.9991, 1.0002, 1.001, 1.0021]}, {"step": 2500, "load": [[0.1169, 0.1479, 0.0973, 0.1251, 0.1254, 0.1166, 0.1322, 0.1385], [0.1343, 0.1417, 0.0948, 0.1119, 0.1091, 0.1311, 0.1558, 0.1213], [0.1143, 0.1308, 0.1231, 0.1167, 0.1143, 0.1442, 0.1343, 0.1223], [0.1442, 0.1127, 0.1551, 0.115, 0.1021, 0.1175, 0.1274, 0.126]], "drop": [0.0, 0.0, 0.0, 0.0], "aux": [0.9999, 1.0173, 1.0015, 1.0055]}, {"step": 2600, "load": [[0.1144, 0.1273, 0.0931, 0.1252, 0.1407, 0.1252, 0.1346, 0.1393], [0.1359, 0.1384, 0.108, 0.1086, 0.1003, 0.1487, 0.1282, 0.1319], [0.1046, 0.1501, 0.12, 0.1197, 0.113, 0.1447, 0.1255, 0.1224], [0.1309, 0.1014, 0.1199, 0.1395, 0.1182, 0.1272, 0.1348, 0.1282]], "drop": [0.0, 0.0, 0.0, 0.0], "aux": [1.0044, 1.0136, 1.0014, 0.9994]}, {"step": 2700, "load": [[0.1226, 0.1162, 0.1236, 0.1317, 0.1293, 0.1268, 0.124, 0.1258], [0.1291, 0.1409, 0.1164, 0.1302, 0.1133, 0.1273, 0.1192, 0.1236], [0.1036, 0.1467, 0.1409, 0.1099, 0.1118, 0.145, 0.1234, 0.1188], [0.1261, 0.1045, 0.1281, 0.1202, 0.1334, 0.1006, 0.1534, 0.1336]], "drop": [0.0, 0.0, 0.0, 0.0], "aux": [1.002, 1.0038, 1.0035, 1.0036]}, {"step": 2800, "load": [[0.1232, 0.1265, 0.137, 0.1511, 0.1097, 0.1149, 0.1367, 0.101], [0.1399, 0.1305, 0.1071, 0.1259, 0.128, 0.1346, 0.106, 0.1281], [0.131, 0.1301, 0.143, 0.1113, 0.1207, 0.1367, 0.1138, 0.1135], [0.1422, 0.1252, 0.123, 0.1107, 0.1247, 0.1036, 0.1298, 0.1409]], "drop": [0.0, 0.0, 0.0, 0.0], "aux": [1.0038, 1.005, 1.0022, 1.0079]}, {"step": 2900, "load": [[0.1364, 0.1328, 0.1123, 0.1297, 0.1176, 0.1081, 0.1593, 0.1039], [0.1335, 0.1381, 0.1141, 0.1092, 0.1075, 0.1488, 0.128, 0.1207], [0.1008, 0.1265, 0.1652, 0.1129, 0.1343, 0.1401, 0.116, 0.1044], [0.1149, 0.1248, 0.1665, 0.1041, 0.1488, 0.1067, 0.1105, 0.1236]], "drop": [0.0031, 0.0, 0.0089, 0.0103], "aux": [1.0013, 1.0098, 1.011, 1.0183]}, {"step": 3000, "load": [[0.1464, 0.1357, 0.1331, 0.1225, 0.1124, 0.113, 0.1123, 0.1246], [0.1379, 0.1351, 0.1165, 0.1255, 0.122, 0.1183, 0.1233, 0.1215], [0.1207, 0.1365, 0.1279, 0.1043, 0.1144, 0.1318, 0.1301, 0.1343], [0.1038, 0.1233, 0.1027, 0.1331, 0.1105, 0.1312, 0.1731, 0.1223]], "drop": [0.0, 0.0, 0.0, 0.0168], "aux": [1.0005, 1.0033, 1.0016, 1.0119]}, {"step": 3100, "load": [[0.1159, 0.1509, 0.1129, 0.14, 0.1146, 0.1172, 0.1273, 0.1211], [0.118, 0.1323, 0.1239, 0.1402, 0.1237, 0.1193, 0.1169, 0.1258], [0.1338, 0.1254, 0.1197, 0.106, 0.1208, 0.1396, 0.1133, 0.1414], [0.1114, 0.1149, 0.1492, 0.1275, 0.1006, 0.1477, 0.1351, 0.1136]], "drop": [0.0, 0.0, 0.0, 0.0], "aux": [1.0007, 1.001, 1.0023, 1.0052]}, {"step": 3200, "load": [[0.1416, 0.1479, 0.1026, 0.1424, 0.1223, 0.1092, 0.1176, 0.1163], [0.126, 0.132, 0.1353, 0.1305, 0.0901, 0.1384, 0.1124, 0.1352], [0.1239, 0.1338, 0.1205, 0.1088, 0.1247, 0.1375, 0.1223, 0.1285], [0.1439, 0.1185, 0.1307, 0.1536, 0.1198, 0.1117, 0.099, 0.1229]], "drop": [0.0, 0.0, 0.0, 0.0], "aux": [1.0, 1.0085, 0.9995, 1.0085]}, {"step": 3300, "load": [[0.1275, 0.1286, 0.1393, 0.1167, 0.1345, 0.1293, 0.1308, 0.0933], [0.1288, 0.1204, 0.1125, 0.1339, 0.1366, 0.1274, 0.1158, 0.1245], [0.1155, 0.1401, 0.1393, 0.1119, 0.111, 0.1333, 0.1169, 0.132], [0.1347, 0.1302, 0.1207, 0.1218, 0.111, 0.0964, 0.1562, 0.129]], "drop": [0.0, 0.0, 0.0, 0.0], "aux": [1.0016, 1.0026, 1.0015, 1.0079]}, {"step": 3400, "load": [[0.1288, 0.1401, 0.1567, 0.1168, 0.1337, 0.109, 0.1144, 0.1006], [0.1424, 0.1357, 0.1299, 0.1048, 0.1068, 0.126, 0.1306, 0.1238], [0.1067, 0.1412, 0.1406, 0.1106, 0.123, 0.1467, 0.1169, 0.1143], [0.1354, 0.1434, 0.0971, 0.1287, 0.1215, 0.131, 0.1235, 0.1194]], "drop": [0.0004, 0.0, 0.0, 0.0], "aux": [0.9985, 1.0078, 1.0026, 1.0074]}, {"step": 3500, "load": [[0.1274, 0.1357, 0.1362, 0.1151, 0.1196, 0.1179, 0.122, 0.1261], [0.1285, 0.1293, 0.1255, 0.1063, 0.1324, 0.1292, 0.1221, 0.1267], [0.1191, 0.1447, 0.1266, 0.1158, 0.1047, 0.1414, 0.1212, 0.1265], [0.124, 0.1025, 0.1347, 0.1278, 0.1294, 0.1324, 0.1249, 0.1243]], "drop": [0.0, 0.0, 0.0, 0.0], "aux": [0.9982, 1.0034, 1.0014, 0.9996]}, {"step": 3600, "load": [[0.0944, 0.1514, 0.1346, 0.1168, 0.1268, 0.1109, 0.1327, 0.1324], [0.1343, 0.1376, 0.1127, 0.1277, 0.1182, 0.1273, 0.1294, 0.1128], [0.1061, 0.1368, 0.1404, 0.1127, 0.1198, 0.1344, 0.1203, 0.1295], [0.1281, 0.1194, 0.1367, 0.1371, 0.1264, 0.1185, 0.1264, 0.1073]], "drop": [0.0, 0.0, 0.0, 0.0], "aux": [1.0016, 1.0062, 1.0, 0.9998]}, {"step": 3700, "load": [[0.1265, 0.1123, 0.1095, 0.121, 0.1534, 0.1217, 0.13, 0.1256], [0.1303, 0.1389, 0.1262, 0.1293, 0.1183, 0.1237, 0.1245, 0.1089], [0.1157, 0.1407, 0.1185, 0.1108, 0.1174, 0.145, 0.1251, 0.127], [0.1251, 0.1169, 0.1326, 0.1157, 0.1255, 0.106, 0.1464, 0.1318]], "drop": [0.0, 0.0, 0.0, 0.0], "aux": [1.0059, 1.0057, 0.9992, 1.0035]}, {"step": 3800, "load": [[0.1115, 0.1585, 0.1282, 0.1392, 0.1151, 0.1146, 0.1265, 0.1064], [0.1319, 0.1357, 0.1183, 0.1329, 0.1152, 0.1165, 0.1149, 0.1346], [0.1228, 0.1312, 0.1282, 0.1082, 0.1082, 0.1414, 0.1254, 0.1345], [0.1412, 0.1208, 0.1027, 0.1647, 0.0958, 0.1553, 0.0862, 0.1332]], "drop": [0.0023, 0.0, 0.0, 0.0084], "aux": [1.0003, 1.0018, 1.0019, 1.0257]}, {"step": 3900, "load": [[0.1062, 0.1567, 0.1217, 0.1345, 0.1259, 0.1174, 0.1373, 0.1003], [0.1326, 0.134, 0.1422, 0.1328, 0.1011, 0.1186, 0.109, 0.1298], [0.129, 0.137, 0.1251, 0.1069, 0.1116, 0.145, 0.1147, 0.1306], [0.1238, 0.1362, 0.1257, 0.1395, 0.0967, 0.157, 0.1093, 0.1118]], "drop": [0.0004, 0.0, 0.0, 0.0008], "aux": [1.0015, 1.005, 1.0031, 1.0104]}, {"step": 4000, "load": [[0.1089, 0.141, 0.1374, 0.1335, 0.1147, 0.1195, 0.1196, 0.1254], [0.1273, 0.1266, 0.1177, 0.1362, 0.1034, 0.1309, 0.122, 0.1359], [0.1136, 0.1434, 0.1324, 0.1057, 0.116, 0.1359, 0.1206, 0.1324], [0.1218, 0.1412, 0.1183, 0.1281, 0.1362, 0.1191, 0.1209, 0.1144]], "drop": [0.0, 0.0, 0.0, 0.0], "aux": [1.0004, 1.0019, 1.0019, 1.0044]}, {"step": 4100, "load": [[0.1224, 0.1485, 0.1359, 0.1331, 0.0999, 0.1055, 0.1136, 0.1411], [0.1273, 0.1317, 0.135, 0.1238, 0.1165, 0.1368, 0.1064, 0.1226], [0.1146, 0.1351, 0.1496, 0.11, 0.1255, 0.1408, 0.1157, 0.1087], [0.1424, 0.1227, 0.1036, 0.1337, 0.1462, 0.1162, 0.1021, 0.133]], "drop": [0.0, 0.0, 0.0, 0.0], "aux": [1.0022, 1.0023, 1.004, 1.0112]}, {"step": 4200, "load": [[0.1237, 0.1288, 0.1254, 0.1164, 0.1386, 0.1332, 0.1195, 0.1144], [0.127, 0.1388, 0.1075, 0.1411, 0.1127, 0.1234, 0.114, 0.1354], [0.1085, 0.1442, 0.1257, 0.1146, 0.1101, 0.1473, 0.1263, 0.1233], [0.1242, 0.1172, 0.1064, 0.1333, 0.1352, 0.1133, 0.1151, 0.1553]], "drop": [0.0, 0.0, 0.0, 0.0], "aux": [1.0007, 1.0026, 1.0011, 1.0096]}, {"step": 4300, "load": [[0.1331, 0.1554, 0.1268, 0.1294, 0.1268, 0.1158, 0.1115, 0.1012], [0.1285, 0.1412, 0.1294, 0.1246, 0.0981, 0.1371, 0.1206, 0.1204], [0.1186, 0.1395, 0.1403, 0.1082, 0.1126, 0.148, 0.126, 0.1068], [0.1372, 0.1386, 0.0947, 0.1265, 0.1119, 0.1362, 0.0938, 0.161]], "drop": [0.0, 0.0, 0.0, 0.0048], "aux": [0.9978, 1.0059, 1.005, 1.0255]}, {"step": 4400, "load": [[0.1182, 0.142, 0.141, 0.1351, 0.1177, 0.1103, 0.1067, 0.129], [0.1232, 0.1313, 0.133, 0.1153, 0.1023, 0.1271, 0.1346, 0.1332], [0.1167, 0.1342, 0.1318, 0.1072, 0.1282, 0.1335, 0.1184, 0.1299], [0.1116, 0.114, 0.1296, 0.1149, 0.1122, 0.1137, 0.1825, 0.1215]], "drop": [0.0, 0.0, 0.0, 0.0262], "aux": [1.0, 1.003, 0.9994, 1.0159]}, {"step": 4500, "load": [[0.1145, 0.119, 0.1553, 0.1476, 0.1133, 0.1139, 0.1164, 0.1199], [0.12, 0.1323, 0.111, 0.1255, 0.1257, 0.1397, 0.118, 0.1277], [0.1346, 0.1203, 0.1489, 0.1134, 0.1122, 0.1342, 0.1183, 0.118], [0.1295, 0.1369, 0.1156, 0.1223, 0.1548, 0.127, 0.0955, 0.1183]], "drop": [0.0, 0.0, 0.0, 0.0], "aux": [1.0076, 1.002, 1.0057, 1.0147]}, {"step": 4600, "load": [[0.1282, 0.1437, 0.1223, 0.1195, 0.1187, 0.1115, 0.1346, 0.1216], [0.1313, 0.1342, 0.1226, 0.1359, 0.0987, 0.1249, 0.1248, 0.1276], [0.1035, 0.1431, 0.1251, 0.1169, 0.1079, 0.1384, 0.1246, 0.1406], [0.1329, 0.1143, 0.1469, 0.1172, 0.1366, 0.0833, 0.1418, 0.1269]], "drop": [0.0, 0.0, 0.0, 0.0], "aux": [0.9971, 1.0026, 1.0033, 1.0109]}, {"step": 4700, "load": [[0.1279, 0.1284, 0.1323, 0.1099, 0.1274, 0.1113, 0.139, 0.1238], [0.1276, 0.1319, 0.1343, 0.1205, 0.0975, 0.1399, 0.1306, 0.1177], [0.1046, 0.145, 0.1331, 0.1146, 0.1221, 0.1486, 0.1155, 0.1164], [0.1226, 0.1073, 0.1194, 0.1351, 0.1612, 0.1314, 0.1115, 0.1115]], "drop": [0.0, 0.0, 0.0, 0.0049], "aux": [0.9998, 1.0061, 1.0028, 1.01]}, {"step": 4800, "load": [[0.1444, 0.1152, 0.136, 0.1178, 0.1329, 0.1201, 0.1141, 0.1195], [0.1296, 0.129, 0.1129, 0.1306, 0.1092, 0.1415, 0.1254, 0.1219], [0.0933, 0.1406, 0.1328, 0.1079, 0.1257, 0.1401, 0.1236, 0.136], [0.108, 0.1118, 0.1556, 0.1033, 0.1402, 0.0938, 0.1712, 0.1161]], "drop": [0.0, 0.0, 0.0, 0.015], "aux": [1.0018, 1.0042, 1.0043, 1.0232]}, {"step": 4900, "load": [[0.1294, 0.1413, 0.0927, 0.128, 0.1384, 0.1175, 0.111, 0.1418], [0.1285, 0.1324, 0.1235, 0.1291, 0.1047, 0.1348, 0.1205, 0.1265], [0.1157, 0.1275, 0.1366, 0.1197, 0.1146, 0.136, 0.1176, 0.1323], [0.1182, 0.1151, 0.129, 0.1339, 0.1161, 0.1419, 0.1115, 0.1345]], "drop": [0.0, 0.0, 0.0, 0.0], "aux": [1.0033, 1.0024, 0.9994, 1.003]}, {"step": 5000, "load": [[0.1141, 0.1511, 0.1193, 0.1318, 0.1267, 0.108, 0.1327, 0.1161], [0.13, 0.1336, 0.1155, 0.1171, 0.1202, 0.1422, 0.1298, 0.1117], [0.11, 0.1293, 0.1208, 0.1198, 0.1143, 0.1482, 0.1254, 0.1321], [0.132, 0.1171, 0.1241, 0.1189, 0.1348, 0.111, 0.1247, 0.1375]], "drop": [0.0, 0.0, 0.0, 0.0], "aux": [0.998, 1.0065, 1.0015, 1.0038]}, {"step": 5100, "load": [[0.1314, 0.1251, 0.1154, 0.1085, 0.1293, 0.1146, 0.1378, 0.1379], [0.1293, 0.1324, 0.1187, 0.1249, 0.1178, 0.1288, 0.1287, 0.1195], [0.1031, 0.1347, 0.1411, 0.1129, 0.105, 0.1413, 0.1273, 0.1346], [0.132, 0.0981, 0.13, 0.1212, 0.1415, 0.1123, 0.1447, 0.1202]], "drop": [0.0, 0.0, 0.0, 0.0], "aux": [1.0029, 1.0016, 1.0054, 1.0041]}, {"step": 5200, "load": [[0.1184, 0.148, 0.1181, 0.1359, 0.1218, 0.1155, 0.1251, 0.1172], [0.1308, 0.1296, 0.1147, 0.1202, 0.1118, 0.1451, 0.1308, 0.1169], [0.1063, 0.135, 0.1351, 0.1125, 0.1169, 0.1408, 0.1262, 0.1271], [0.1501, 0.1146, 0.1377, 0.1167, 0.1223, 0.1313, 0.1014, 0.1259]], "drop": [0.0, 0.0, 0.0, 0.0], "aux": [0.999, 1.0057, 1.0007, 1.0087]}, {"step": 5300, "load": [[0.1516, 0.124, 0.134, 0.1292, 0.1124, 0.124, 0.1132, 0.1116], [0.1243, 0.1334, 0.1161, 0.1229, 0.1315, 0.1354, 0.1194, 0.1171], [0.1192, 0.1316, 0.1473, 0.1081, 0.1142, 0.1352, 0.1284, 0.116], [0.1277, 0.1217, 0.1285, 0.1053, 0.1387, 0.1273, 0.0927, 0.1581]], "drop": [0.0, 0.0, 0.0, 0.0018], "aux": [1.0034, 1.0039, 1.0023, 1.0196]}, {"step": 5400, "load": [[0.1273, 0.1378, 0.1318, 0.1351, 0.1198, 0.1054, 0.1195, 0.1233], [0.123, 0.1311, 0.1329, 0.1271, 0.1102, 0.1254, 0.1207, 0.1296], [0.1257, 0.1236, 0.1417, 0.107, 0.1108, 0.1425, 0.1172, 0.1315], [0.1323, 0.1448, 0.1111, 0.147, 0.1132, 0.1279, 0.0909, 0.1326]], "drop": [0.0, 0.0, 0.0, 0.0], "aux": [0.9978, 1.0004, 1.0025, 1.0157]}, {"step": 5500, "load": [[0.1135, 0.132, 0.1293, 0.1374, 0.1208, 0.1082, 0.1348, 0.1241], [0.1159, 0.1212, 0.1224, 0.1389, 0.1255, 0.1259, 0.138, 0.1122], [0.1204, 0.1351, 0.1335, 0.1038, 0.1196, 0.1368, 0.1178, 0.1329], [0.1157, 0.1177, 0.1436, 0.1185, 0.1173, 0.0936, 0.1354, 0.1581]], "drop": [0.0, 0.0, 0.0, 0.0018], "aux": [0.999, 1.0064, 1.0012, 1.0131]}, {"step": 5600, "load": [[0.1431, 0.1359, 0.1265, 0.115, 0.1224, 0.11, 0.1215, 0.1256], [0.1378, 0.135, 0.1113, 0.1108, 0.1117, 0.1377, 0.1298, 0.1259], [0.0975, 0.1343, 0.1548, 0.12, 0.1155, 0.143, 0.1213, 0.1135], [0.1276, 0.1208, 0.1164, 0.11, 0.1396, 0.1434, 0.1184, 0.1238]], "drop": [0.0, 0.0, 0.0, 0.0], "aux": [0.9975, 1.0059, 1.0081, 1.008]}, {"step": 5700, "load": [[0.1206, 0.1841, 0.1121, 0.1454, 0.1223, 0.1201, 0.0978, 0.0976], [0.1237, 0.1332, 0.1246, 0.1326, 0.0911, 0.1418, 0.1208, 0.1322], [0.114, 0.1352, 0.1323, 0.1167, 0.1243, 0.1487, 0.1207, 0.1082], [0.1443, 0.1232, 0.0983, 0.132, 0.1088, 0.1619, 0.0803, 0.1514]], "drop": [0.0279, 0.0, 0.0, 0.0056], "aux": [1.0109, 1.0058, 1.003, 1.0322]}, {"step": 5800, "load": [[0.1373, 0.1287, 0.1228, 0.126, 0.1406, 0.1129, 0.1231, 0.1086], [0.1177, 0.1357, 0.1099, 0.1221, 0.1073, 0.1459, 0.1426, 0.1187], [0.1095, 0.1279, 0.1268, 0.1088, 0.1166, 0.1376, 0.1244, 0.1484], [0.1017, 0.0946, 0.1495, 0.1439, 0.1115, 0.1484, 0.1181, 0.1323]], "drop": [0.0, 0.0, 0.0, 0.0], "aux": [0.9977, 1.0093, 1.0041, 1.011]}, {"step": 5900, "load": [[0.1345, 0.1197, 0.1368, 0.1165, 0.1326, 0.1205, 0.1115, 0.128], [0.1349, 0.1357, 0.1367, 0.1177, 0.1133, 0.1217, 0.1221, 0.1179], [0.109, 0.1487, 0.1224, 0.1175, 0.1116, 0.1401, 0.1245, 0.1262], [0.1104, 0.1291, 0.1183, 0.1229, 0.1459, 0.0888, 0.1464, 0.1383]], "drop": [0.0, 0.0, 0.0, 0.0], "aux": [1.0005, 1.0034, 1.002, 1.0131]}, {"step": 6000, "load": [[0.1432, 0.1146, 0.1335, 0.1219, 0.1366, 0.1315, 0.1085, 0.1102], [0.1336, 0.1291, 0.1138, 0.1198, 0.1155, 0.1387, 0.1418, 0.1077], [0.1064, 0.1474, 0.1262, 0.1134, 0.1235, 0.1381, 0.1279, 0.1172], [0.1265, 0.1036, 0.1547, 0.1043, 0.1181, 0.0963, 0.1575, 0.139]], "drop": [0.0, 0.0, 0.0, 0.0013], "aux": [1.0046, 1.0094, 1.0025, 1.0163]}, {"step": 6100, "load": [[0.1431, 0.1285, 0.1348, 0.1291, 0.1252, 0.1193, 0.1213, 0.0987], [0.1282, 0.129, 0.114, 0.1066, 0.131, 0.1304, 0.1484, 0.1124], [0.1086, 0.1319, 0.1515, 0.1094, 0.1028, 0.1354, 0.1218, 0.1386], [0.1252, 0.1156, 0.1157, 0.1324, 0.0946, 0.1759, 0.108, 0.1326]], "drop": [0.0, 0.0, 0.0, 0.0197], "aux": [0.998, 1.0095, 1.0088, 1.0188]}, {"step": 6200, "load": [[0.1292, 0.1365, 0.1187, 0.1135, 0.1245, 0.1303, 0.1198, 0.1276], [0.1232, 0.1297, 0.1179, 0.1346, 0.1124, 0.1371, 0.1293, 0.1158], [0.1112, 0.133, 0.1484, 0.1108, 0.1154, 0.1392, 0.1259, 0.1161], [0.1283, 0.137, 0.1298, 0.1416, 0.1142, 0.1321, 0.0797, 0.1374]], "drop": [0.0, 0.0, 0.0, 0.0], "aux": [1.0002, 1.0035, 1.0033, 1.0176]}, {"step": 6300, "load": [[0.1473, 0.1276, 0.1299, 0.1207, 0.1224, 0.1224, 0.137, 0.0927], [0.1283, 0.1291, 0.1237, 0.1165, 0.1152, 0.1463, 0.1288, 0.1121], [0.1031, 0.1279, 0.1353, 0.1123, 0.1165, 0.1353, 0.1245, 0.145], [0.1105, 0.1184, 0.138, 0.1215, 0.1291, 0.1318, 0.1414, 0.1094]], "drop": [0.0, 0.0, 0.0, 0.0], "aux": [1.0022, 1.0063, 1.0037, 1.0033]}, {"step": 6400, "load": [[0.1281, 0.1292, 0.1404, 0.116, 0.1279, 0.1237, 0.1152, 0.1196], [0.1233, 0.1288, 0.1173, 0.1299, 0.1269, 0.1254, 0.1311, 0.1172], [0.1182, 0.1331, 0.1415, 0.1082, 0.1084, 0.1361, 0.1093, 0.1453], [0.1252, 0.1128, 0.1373, 0.1229, 0.1202, 0.1055, 0.1503, 0.1257]], "drop": [0.0, 0.0, 0.0, 0.0], "aux": [0.9992, 1.0028, 1.0064, 1.0031]}, {"step": 6500, "load": [[0.1277, 0.147, 0.1216, 0.1349, 0.127, 0.1186, 0.1238, 0.0993], [0.1198, 0.1339, 0.1207, 0.1332, 0.0975, 0.1373, 0.1335, 0.1242], [0.1196, 0.1356, 0.1317, 0.1176, 0.1207, 0.1459, 0.1182, 0.1108], [0.1309, 0.1474, 0.103, 0.1423, 0.1359, 0.1417, 0.0607, 0.1381]], "drop": [0.0, 0.0, 0.0, 0.0], "aux": [0.9989, 1.0047, 1.0019, 1.0416]}, {"step": 6600, "load": [[0.1197, 0.1259, 0.142, 0.1262, 0.1281, 0.1264, 0.114, 0.1176], [0.1281, 0.124, 0.1226, 0.119, 0.1102, 0.1381, 0.1339, 0.1241], [0.1205, 0.1409, 0.1273, 0.1102, 0.1111, 0.141, 0.1254, 0.1234], [0.113, 0.1491, 0.137, 0.1181, 0.1223, 0.0947, 0.1592, 0.1064]], "drop": [0.0, 0.0, 0.0, 0.003], "aux": [1.0006, 1.0029, 1.001, 1.0175]}, {"step": 6700, "load": [[0.1252, 0.136, 0.1137, 0.1257, 0.1398, 0.1177, 0.1151, 0.127], [0.1095, 0.1245, 0.1379, 0.1294, 0.1235, 0.123, 0.1278, 0.1243], [0.1277, 0.1349, 0.125, 0.1025, 0.11, 0.1348, 0.119, 0.146], [0.1262, 0.1187, 0.1148, 0.1491, 0.11, 0.1727, 0.089, 0.1196]], "drop": [0.0, 0.0, 0.0, 0.0165], "aux": [0.9983, 1.0018, 1.0053, 1.0213]}, {"step": 6800, "load": [[0.1181, 0.1305, 0.132, 0.1329, 0.1298, 0.1191, 0.1259, 0.1117], [0.1239, 0.1243, 0.1254, 0.127, 0.093, 0.1306, 0.1358, 0.1401], [0.1229, 0.1288, 0.1503, 0.101, 0.1128, 0.1345, 0.1251, 0.1247], [0.1498, 0.1165, 0.1075, 0.1517, 0.1161, 0.1284, 0.116, 0.1139]], "drop": [0.0, 0.0, 0.0, 0.0], "aux": [0.9982, 1.0056, 1.0054, 1.0061]}, {"step": 6900, "load": [[0.1571, 0.1116, 0.1489, 0.119, 0.1282, 0.1113, 0.1097, 0.1142], [0.1376, 0.1311, 0.126, 0.1216, 0.0927, 0.1391, 0.1219, 0.1299], [0.0964, 0.1482, 0.1385, 0.1177, 0.1202, 0.1434, 0.1254, 0.1102], [0.139, 0.1272, 0.134, 0.1077, 0.129, 0.0957, 0.1415, 0.1258]], "drop": [0.0009, 0.0, 0.0, 0.0], "aux": [1.0039, 1.0064, 1.008, 1.009]}, {"step": 7000, "load": [[0.1241, 0.1257, 0.1342, 0.1209, 0.1214, 0.1173, 0.1318, 0.1246], [0.1305, 0.1347, 0.114, 0.1281, 0.1186, 0.1306, 0.1407, 0.1028], [0.1067, 0.1364, 0.1293, 0.115, 0.1237, 0.1442, 0.1243, 0.1205], [0.1229, 0.1361, 0.1321, 0.1067, 0.1201, 0.1305, 0.1218, 0.1298]], "drop": [0.0, 0.0, 0.0, 0.0], "aux": [0.999, 1.0088, 1.0011, 1.0057]}, {"step": 7100, "load": [[0.1237, 0.1432, 0.1117, 0.1317, 0.1295, 0.1259, 0.1114, 0.123], [0.1307, 0.1317, 0.1313, 0.1249, 0.1085, 0.1277, 0.1234, 0.1217], [0.1201, 0.1369, 0.1323, 0.1026, 0.1195, 0.1364, 0.1213, 0.1309], [0.1175, 0.1245, 0.1266, 0.1197, 0.1151, 0.1266, 0.1468, 0.1233]], "drop": [0.0, 0.0, 0.0, 0.0], "aux": [1.0005, 1.0021, 1.0005, 1.0032]}, {"step": 7200, "load": [[0.129, 0.1486, 0.111, 0.1249, 0.1353, 0.1116, 0.1212, 0.1183], [0.1287, 0.128, 0.1293, 0.123, 0.1008, 0.1332, 0.1283, 0.1287], [0.1102, 0.144, 0.1275, 0.1033, 0.1111, 0.1393, 0.1251, 0.1394], [0.1074, 0.1121, 0.1213, 0.114, 0.1213, 0.1252, 0.1723, 0.1265]], "drop": [0.0, 0.0, 0.0, 0.0161], "aux": [0.9973, 1.0022, 1.0043, 1.0117]}, {"step": 7300, "load": [[0.1263, 0.1278, 0.1249, 0.1336, 0.1319, 0.1208, 0.1259, 0.1088], [0.12, 0.1307, 0.1212, 0.1249, 0.1107, 0.1239, 0.1342, 0.1345], [0.1156, 0.1423, 0.1312, 0.1118, 0.1149, 0.1387, 0.1172, 0.1284], [0.1145, 0.1061, 0.1098, 0.1176, 0.146, 0.1407, 0.1611, 0.1041]], "drop": [0.0, 0.0, 0.0, 0.0049], "aux": [0.9993, 1.0017, 1.0013, 1.0155]}, {"step": 7400, "load": [[0.1281, 0.1327, 0.1149, 0.1348, 0.1205, 0.1088, 0.1411, 0.1191], [0.1313, 0.1285, 0.1257, 0.1284, 0.0962, 0.1345, 0.1265, 0.1289], [0.1175, 0.1385, 0.1112, 0.113, 0.1232, 0.1414, 0.1269, 0.1283], [0.1279, 0.1201, 0.153, 0.1162, 0.1396, 0.0807, 0.1564, 0.1061]], "drop": [0.0, 0.0, 0.0, 0.0002], "aux": [1.0018, 1.0038, 1.0019, 1.0193]}, {"step": 7500, "load": [[0.1203, 0.1274, 0.15, 0.1248, 0.1088, 0.1096, 0.1164, 0.1428], [0.1375, 0.1254, 0.1243, 0.116, 0.111, 0.1351, 0.1196, 0.1312], [0.1046, 0.1401, 0.1455, 0.1102, 0.1217, 0.1411, 0.121, 0.1158], [0.1495, 0.1466, 0.1144, 0.1225, 0.1186, 0.1121, 0.1152, 0.1211]], "drop": [0.0, 0.0, 0.0, 0.0], "aux": [1.0039, 1.0022, 1.0039, 1.01]}, {"step": 7600, "load": [[0.1322, 0.1276, 0.1132, 0.1312, 0.1322, 0.1197, 0.1373, 0.10